group_id	user_id	image_id	cluster_image_name	timestamp
37	1775	11	140642801735952_2.jpe	1524597339000
205	1216	14	139770172639696_6.jpe	1524688517000
205	1216	12	139770154092560.jpe	1524688533000
7	295	14	139770172639696_6.jpe	1524701722000
7	295	12	139770154092560.jpe	1524701775000
7	295	11	140642801735952_2.jpe	1524701781000
19	1217	14	139770172639696_6.jpe	1524763928000
19	1217	12	139770154092560.jpe	1524763948000
19	1217	11	140642801735952_2.jpe	1524763956000
61	1218	11	140642801735952_2.jpe	1525479179000
61	1218	12	139770154092560.jpe	1525479182000
61	1218	14	139770172639696_6.jpe	1525479185000
220	1750	8	140038119741200.jpe	1527440684000
69	1754	8	140038119741200.jpe	1527449170000
266	1749	8	140038119741200.jpe	1527454215000
132	1747	8	140038119741200.jpe	1527461096000
266	1748	8	140038119741200.jpe	1527502823000
266	1749	8	140038119741200.jpe	1527513494000
17	1752	8	140038119741200.jpe	1527513942000
8	1751	8	140038119741200.jpe	1527521517000
7	1753	8	140038119741200.jpe	1527529596000
38	404	14	139770172639696_6.jpe	1527983543000
41	404	14	139770172639696_6.jpe	1527983580000
32	404	14	139770172639696_6.jpe	1527983642000
38	404	11	140642801735952_2.jpe	1527983674000
41	404	11	140642801735952_2.jpe	1527983675000
32	404	11	140642801735952_2.jpe	1527983676000
65	1742	8	140038119741200.jpe	1527989391000
65	1744	8	140038119741200.jpe	1528037866000
38	1774	14	139770172639696_6.jpe	1528049976000
38	1774	11	140642801735952_2.jpe	1528050317000
191	1746	8	140038119741200.jpe	1528253037000
50	1743	8	140038119741200.jpe	1528323003000
140	1741	8	140038119741200.jpe	1528324137000
148	821	8	140038119741200.jpe	1528684561000
148	821	8	140038119741200.jpe	1528684561000
8	1745	8	140038119741200.jpe	1528723889000
264	1640	0	139860332460048_5.jpe	1532828772000
76	63	0	139860332460048_5.jpe	1532874487000
232	1636	0	139860332460048_5.jpe	1532908820000
232	1636	0	139860332460048_5.jpe	1532909007000
239	1635	0	139860332460048_5.jpe	1532963699000
176	1641	0	139860332460048_5.jpe	1532986149000
234	1637	0	139860332460048_5.jpe	1532992673000
15	458	0	139860332460048_5.jpe	1532997646000
263	1639	0	139860332460048_5.jpe	1533002257000
262	1638	0	139860332460048_5.jpe	1533060859000
51	711	0	139860332460048_5.jpe	1533060920000
257	1638	0	139860332460048_5.jpe	1533060984000
26	674	0	139860332460048_5.jpe	1533077575000
176	659	0	139860332460048_5.jpe	1533122657000
59	254	0	139860332460048_5.jpe	1533136101000
9	254	0	139860332460048_5.jpe	1533140814000
3	161	0	139860332460048_5.jpe	1533141975000
35	622	0	139860332460048_5.jpe	1533171357000
1	518	0	139860332460048_5.jpe	1533174565000
148	259	0	139860332460048_5.jpe	1533174611000
176	710	0	139860332460048_5.jpe	1533188855000
153	446	0	139860332460048_5.jpe	1533211786000
176	683	0	139860332460048_5.jpe	1533309763000
176	110	0	139860332460048_5.jpe	1533309910000
76	633	0	139860332460048_5.jpe	1533319397000
28	749	0	139860332460048_5.jpe	1533337626000
76	1648	0	139860332460048_5.jpe	1533340732000
144	1642	0	139860332460048_5.jpe	1533357953000
51	613	0	139860332460048_5.jpe	1533363801000
43	768	0	139860332460048_5.jpe	1533439268000
61	288	0	139860332460048_5.jpe	1533461358000
176	787	0	139860332460048_5.jpe	1533470916000
176	316	0	139860332460048_5.jpe	1533481527000
43	330	0	139860332460048_5.jpe	1533507812000
43	330	0	139860332460048_5.jpe	1533509908000
148	658	0	139860332460048_5.jpe	1533512591000
189	1643	0	139860332460048_5.jpe	1533560725000
64	704	0	139860332460048_5.jpe	1533580469000
127	704	0	139860332460048_5.jpe	1533580470000
76	931	0	139860332460048_5.jpe	1533589916000
61	872	0	139860332460048_5.jpe	1533590449000
145	345	0	139860332460048_5.jpe	1533629108000
7	227	0	139860332460048_5.jpe	1533720236000
43	746	0	139860332460048_5.jpe	1533723696000
43	1644	0	139860332460048_5.jpe	1533738821000
36	168	0	139860332460048_5.jpe	1533995638000
127	251	0	139860332460048_5.jpe	1534031287000
51	525	0	139860332460048_5.jpe	1534035352000
15	670	0	139860332460048_5.jpe	1534035558000
43	385	0	139860332460048_5.jpe	1534197991000
158	732	0	139860332460048_5.jpe	1534258276000
179	818	0	139860332460048_5.jpe	1534285977000
15	174	0	139860332460048_5.jpe	1534350444000
38	1441	0	139860332460048_5.jpe	1534378763000
176	4	0	139860332460048_5.jpe	1534381610000
144	600	0	139860332460048_5.jpe	1534387272000
120	666	0	139860332460048_5.jpe	1534419992000
161	527	0	139860332460048_5.jpe	1534497165000
3	140	0	139860332460048_5.jpe	1534506864000
32	1645	0	139860332460048_5.jpe	1534515709000
145	1770	10	140477269605840.jpe	1534521389000
78	912	0	139860332460048_5.jpe	1534533960000
43	385	8	140038119741200.jpe	1534541043000
51	385	8	140038119741200.jpe	1534541045000
120	252	0	139860332460048_5.jpe	1534548864000
7	555	0	139860332460048_5.jpe	1534550833000
76	844	0	139860332460048_5.jpe	1534596721000
43	330	0	139860332460048_5.jpe	1534649157000
76	329	0	139860332460048_5.jpe	1534649674000
43	329	0	139860332460048_5.jpe	1534649675000
23	614	10	140477269605840.jpe	1534652192000
176	609	0	139860332460048_5.jpe	1534671215000
113	164	0	139860332460048_5.jpe	1534690175000
7	898	0	139860332460048_5.jpe	1534694481000
177	765	0	139860332460048_5.jpe	1534701459000
177	765	0	139860332460048_5.jpe	1534701463000
176	867	0	139860332460048_5.jpe	1534713185000
50	91	0	139860332460048_5.jpe	1534725665000
76	329	0	139860332460048_5.jpe	1534812433000
129	263	0	139860332460048_5.jpe	1534840438000
76	844	10	140477269605840.jpe	1534863083000
176	528	0	139860332460048_5.jpe	1534883336000
43	133	10	140477269605840.jpe	1534945986000
19	517	0	139860332460048_5.jpe	1534964983000
267	1755	8	140038119741200.jpe	1534975335000
38	1757	8	140038119741200.jpe	1534980248000
120	9	0	139860332460048_5.jpe	1534984063000
8	981	10	140477269605840.jpe	1535045065000
120	96	10	140477269605840.jpe	1535049314000
86	1514	8	140038119741200.jpe	1535049525000
61	99	10	140477269605840.jpe	1535064524000
123	902	0	139860332460048_5.jpe	1535190074000
123	902	0	139860332460048_5.jpe	1535190139000
88	1646	0	139860332460048_5.jpe	1535205425000
21	1647	0	139860332460048_5.jpe	1535217889000
176	609	10	140477269605840.jpe	1535246001000
78	912	0	139860332460048_5.jpe	1535265403000
32	188	10	140477269605840.jpe	1535291896000
38	188	10	140477269605840.jpe	1535292047000
119	670	0	139860332460048_5.jpe	1535310701000
50	1768	10	140477269605840.jpe	1535395078000
76	329	10	140477269605840.jpe	1535398701000
1	73	0	139860332460048_5.jpe	1535412451000
3	347	10	140477269605840.jpe	1535484639000
3	161	8	140038119741200.jpe	1535587974000
125	169	8	140038119741200.jpe	1535589623000
50	234	10	140477269605840.jpe	1535594454000
50	234	10	140477269605840.jpe	1535594456000
158	1769	10	140477269605840.jpe	1535639440000
15	1241	8	140038119741200.jpe	1535657918000
123	1486	10	140477269605840.jpe	1535661905000
111	196	10	140477269605840.jpe	1535701216000
15	196	10	140477269605840.jpe	1535701287000
176	511	8	140038119741200.jpe	1535718853000
176	918	10	140477269605840.jpe	1535747827000
32	535	8	140038119741200.jpe	1535751768000
15	532	8	140038119741200.jpe	1535752740000
176	1356	8	140038119741200.jpe	1535756657000
50	1756	8	140038119741200.jpe	1535760557000
254	1624	0	139860332460048_5.jpe	1535796959000
36	673	1	139875150049104_6.jpe	1535797382000
176	897	1	139875150049104_6.jpe	1535805090000
258	1630	0	139860332460048_5.jpe	1535827600000
254	1630	0	139860332460048_5.jpe	1535828379000
64	1270	8	140038119741200.jpe	1535844865000
1	1765	10	140477269605840.jpe	1535878300000
111	797	8	140038119741200.jpe	1535912549000
38	339	8	140038119741200.jpe	1535935305000
1	835	10	140477269605840.jpe	1535955309000
49	248	14	139770172639696_6.jpe	1535990053000
49	248	14	139770172639696_6.jpe	1535990354000
49	248	11	140642801735952_2.jpe	1535990414000
49	248	12	139770154092560.jpe	1535990424000
85	854	11	140642801735952_2.jpe	1535996507000
85	854	14	139770172639696_6.jpe	1535996508000
85	854	12	139770154092560.jpe	1535996511000
125	169	14	139770172639696_6.jpe	1536004274000
125	169	11	140642801735952_2.jpe	1536004281000
125	169	12	139770154092560.jpe	1536004346000
176	606	14	139770172639696_6.jpe	1536023265000
176	606	11	140642801735952_2.jpe	1536023547000
15	769	10	140477269605840.jpe	1536025912000
111	709	11	140642801735952_2.jpe	1536033681000
111	709	12	139770154092560.jpe	1536035142000
148	77	8	140038119741200.jpe	1536065622000
232	1602	0	139860332460048_5.jpe	1536114272000
55	62	10	140477269605840.jpe	1536255053000
48	1766	10	140477269605840.jpe	1536282273000
176	391	11	140642801735952_2.jpe	1536330514000
123	1763	10	140477269605840.jpe	1536347820000
260	1633	0	139860332460048_5.jpe	1536416013000
28	449	8	140038119741200.jpe	1536503630000
65	422	14	139770172639696_6.jpe	1536547501000
252	1621	0	139860332460048_5.jpe	1536570065000
176	417	14	139770172639696_6.jpe	1536585363000
176	417	11	140642801735952_2.jpe	1536585378000
176	417	12	139770154092560.jpe	1536585382000
86	1221	14	139770172639696_6.jpe	1536586394000
86	1221	11	140642801735952_2.jpe	1536586412000
86	1221	12	139770154092560.jpe	1536586525000
233	1603	0	139860332460048_5.jpe	1536624833000
59	613	14	139770172639696_6.jpe	1536642373000
59	613	11	140642801735952_2.jpe	1536642376000
59	613	12	139770154092560.jpe	1536642402000
119	892	13	139860363387408_15.jpe	1536668591000
86	892	13	139860363387408_15.jpe	1536668800000
78	912	13	139860363387408_15.jpe	1536683133000
145	229	13	139860363387408_15.jpe	1536687388000
16	34	10	140477269605840.jpe	1536688481000
60	34	10	140477269605840.jpe	1536688483000
76	317	13	139860363387408_15.jpe	1536689129000
176	1271	13	139860363387408_15.jpe	1536689904000
244	1625	0	139860332460048_5.jpe	1536691810000
120	617	13	139860363387408_15.jpe	1536692543000
3	1267	13	139860363387408_15.jpe	1536692726000
15	617	13	139860363387408_15.jpe	1536693000000
64	617	13	139860363387408_15.jpe	1536693025000
176	223	13	139860363387408_15.jpe	1536694093000
176	897	13	139860363387408_15.jpe	1536695033000
120	1036	13	139860363387408_15.jpe	1536695424000
153	368	13	139860363387408_15.jpe	1536696248000
119	689	13	139860363387408_15.jpe	1536698604000
235	1605	0	139860332460048_5.jpe	1536699097000
244	1614	0	139860332460048_5.jpe	1536699284000
245	1614	0	139860332460048_5.jpe	1536699289000
183	1276	13	139860363387408_15.jpe	1536700838000
176	1273	13	139860363387408_15.jpe	1536701048000
34	1280	13	139860363387408_15.jpe	1536701722000
183	599	13	139860363387408_15.jpe	1536701885000
36	1269	13	139860363387408_15.jpe	1536702802000
48	789	8	140038119741200.jpe	1536705458000
239	1609	0	139860332460048_5.jpe	1536707451000
138	1275	13	139860363387408_15.jpe	1536708325000
76	825	13	139860363387408_15.jpe	1536708446000
15	1274	13	139860363387408_15.jpe	1536708693000
120	1274	13	139860363387408_15.jpe	1536708752000
36	409	13	139860363387408_15.jpe	1536709826000
145	286	13	139860363387408_15.jpe	1536711056000
243	1613	0	139860332460048_5.jpe	1536711072000
26	608	13	139860363387408_15.jpe	1536711822000
176	1127	10	140477269605840.jpe	1536711983000
176	820	13	139860363387408_15.jpe	1536712240000
95	623	13	139860363387408_15.jpe	1536715403000
36	623	13	139860363387408_15.jpe	1536715410000
109	1283	13	139860363387408_15.jpe	1536716028000
36	623	13	139860363387408_15.jpe	1536717009000
38	268	13	139860363387408_15.jpe	1536717151000
13	590	13	139860363387408_15.jpe	1536718212000
36	41	13	139860363387408_15.jpe	1536718572000
247	1617	0	139860332460048_5.jpe	1536718684000
1	1279	13	139860363387408_15.jpe	1536718760000
8	400	13	139860363387408_15.jpe	1536721979000
50	1282	13	139860363387408_15.jpe	1536731304000
123	162	13	139860363387408_15.jpe	1536745020000
190	1265	13	139860363387408_15.jpe	1536746214000
111	15	13	139860363387408_15.jpe	1536751107000
15	670	13	139860363387408_15.jpe	1536752088000
119	670	13	139860363387408_15.jpe	1536752408000
64	670	13	139860363387408_15.jpe	1536752479000
257	1628	0	139860332460048_5.jpe	1536754044000
176	57	13	139860363387408_15.jpe	1536754217000
76	699	13	139860363387408_15.jpe	1536755892000
169	630	13	139860363387408_15.jpe	1536758291000
95	1268	13	139860363387408_15.jpe	1536761138000
64	908	13	139860363387408_15.jpe	1536763001000
5	158	13	139860363387408_15.jpe	1536765255000
180	604	13	139860363387408_15.jpe	1536767473000
233	1632	0	139860332460048_5.jpe	1536768185000
231	1601	0	139860332460048_5.jpe	1536771280000
145	1266	13	139860363387408_15.jpe	1536775087000
5	728	12	139770154092560.jpe	1536777323000
5	728	11	140642801735952_2.jpe	1536777336000
5	728	14	139770172639696_6.jpe	1536777337000
127	1281	13	139860363387408_15.jpe	1536780977000
241	1611	0	139860332460048_5.jpe	1536791290000
2	463	13	139860363387408_15.jpe	1536794671000
127	1272	13	139860363387408_15.jpe	1536796951000
239	1631	0	139860332460048_5.jpe	1536801399000
64	1270	13	139860363387408_15.jpe	1536804385000
255	1626	0	139860332460048_5.jpe	1536806095000
61	288	10	140477269605840.jpe	1536826752000
76	106	13	139860363387408_15.jpe	1536853892000
148	106	13	139860363387408_15.jpe	1536853892000
253	1623	0	139860332460048_5.jpe	1536858226000
85	854	13	139860363387408_15.jpe	1536884065000
236	1606	0	139860332460048_5.jpe	1536887212000
26	636	14	139770172639696_6.jpe	1536926550000
26	636	11	140642801735952_2.jpe	1536926552000
248	1612	0	139860332460048_5.jpe	1536943261000
242	1612	0	139860332460048_5.jpe	1536943788000
176	1277	13	139860363387408_15.jpe	1536954834000
54	1278	13	139860363387408_15.jpe	1537017272000
38	339	10	140477269605840.jpe	1537067763000
240	1610	0	139860332460048_5.jpe	1537142061000
240	1610	0	139860332460048_5.jpe	1537142266000
246	1615	0	139860332460048_5.jpe	1537197363000
250	1619	0	139860332460048_5.jpe	1537206609000
68	472	3	139792340613968.jpe	1537240725000
8	472	3	139792340613968.jpe	1537240744000
251	1620	0	139860332460048_5.jpe	1537267296000
259	1620	0	139860332460048_5.jpe	1537267296000
8	472	3	139792340613968.jpe	1537287111000
234	1604	0	139860332460048_5.jpe	1537294103000
148	106	14	139770172639696_6.jpe	1537311726000
148	106	14	139770172639696_6.jpe	1537311726000
148	106	11	140642801735952_2.jpe	1537311748000
148	106	11	140642801735952_2.jpe	1537311748000
148	106	12	139770154092560.jpe	1537311772000
148	106	12	139770154092560.jpe	1537311772000
8	232	13	139860363387408_15.jpe	1537376271000
176	984	10	140477269605840.jpe	1537465285000
36	623	13	139860363387408_15.jpe	1537473522000
95	623	13	139860363387408_15.jpe	1537473526000
256	1627	0	139860332460048_5.jpe	1537540301000
253	1622	0	139860332460048_5.jpe	1537556793000
242	1616	0	139860332460048_5.jpe	1537582038000
35	691	10	140477269605840.jpe	1537612246000
249	1618	0	139860332460048_5.jpe	1537632150000
209	1767	10	140477269605840.jpe	1537695031000
237	1607	0	139860332460048_5.jpe	1537710393000
261	1634	0	139860332460048_5.jpe	1537725691000
176	511	10	140477269605840.jpe	1537735752000
234	1629	0	139860332460048_5.jpe	1537789670000
1	494	4	139643140915856_8.jpe	1537912074000
31	124	4	139643140915856_8.jpe	1537921765000
127	1393	4	139643140915856_8.jpe	1537922117000
176	641	4	139643140915856_8.jpe	1537930799000
36	586	4	139643140915856_8.jpe	1537935889000
120	1694	4	139643140915856_8.jpe	1537954049000
162	663	4	139643140915856_8.jpe	1537956686000
8	232	4	139643140915856_8.jpe	1537957610000
20	344	4	139643140915856_8.jpe	1537973761000
145	286	4	139643140915856_8.jpe	1537987734000
176	1264	4	139643140915856_8.jpe	1537989899000
95	531	4	139643140915856_8.jpe	1538000431000
111	1761	10	140477269605840.jpe	1538008653000
176	316	4	139643140915856_8.jpe	1538046119000
92	1696	4	139643140915856_8.jpe	1538054014000
3	161	4	139643140915856_8.jpe	1538066208000
37	648	4	139643140915856_8.jpe	1538073252000
176	641	10	140477269605840.jpe	1538135584000
114	1764	10	140477269605840.jpe	1538139302000
114	1764	10	140477269605840.jpe	1538139312000
101	386	4	139643140915856_8.jpe	1538143401000
31	124	10	140477269605840.jpe	1538172144000
49	1695	4	139643140915856_8.jpe	1538235069000
268	1762	10	140477269605840.jpe	1538248009000
5	1398	10	140477269605840.jpe	1538252992000
176	511	11	140642801735952_2.jpe	1538265727000
105	1226	14	139770172639696_6.jpe	1538272378000
105	1226	11	140642801735952_2.jpe	1538272387000
105	1226	12	139770154092560.jpe	1538272432000
176	1225	11	140642801735952_2.jpe	1538289859000
176	1225	14	139770172639696_6.jpe	1538289860000
176	1225	12	139770154092560.jpe	1538289866000
25	1222	14	139770172639696_6.jpe	1538294589000
25	1222	11	140642801735952_2.jpe	1538294598000
25	1222	12	139770154092560.jpe	1538294617000
5	876	14	139770172639696_6.jpe	1538312991000
5	876	11	140642801735952_2.jpe	1538312993000
5	876	12	139770154092560.jpe	1538312996000
105	1063	14	139770172639696_6.jpe	1538314799000
105	1063	12	139770154092560.jpe	1538314802000
105	1063	11	140642801735952_2.jpe	1538314803000
206	1220	14	139770172639696_6.jpe	1538316799000
206	1220	11	140642801735952_2.jpe	1538316831000
206	1220	12	139770154092560.jpe	1538316836000
37	648	14	139770172639696_6.jpe	1538324267000
37	648	11	140642801735952_2.jpe	1538324267000
105	1219	14	139770172639696_6.jpe	1538327132000
105	1219	11	140642801735952_2.jpe	1538327148000
105	1219	12	139770154092560.jpe	1538327156000
160	1439	11	140642801735952_2.jpe	1538329274000
64	1224	11	140642801735952_2.jpe	1538332093000
64	1224	12	139770154092560.jpe	1538332136000
64	1224	14	139770172639696_6.jpe	1538332152000
122	206	14	139770172639696_6.jpe	1538332784000
122	206	11	140642801735952_2.jpe	1538332787000
122	206	12	139770154092560.jpe	1538332791000
64	807	11	140642801735952_2.jpe	1538336198000
64	807	14	139770172639696_6.jpe	1538336201000
64	807	12	139770154092560.jpe	1538336212000
59	379	11	140642801735952_2.jpe	1538343687000
59	379	14	139770172639696_6.jpe	1538343776000
64	1228	14	139770172639696_6.jpe	1538343847000
145	1223	11	140642801735952_2.jpe	1538343926000
145	1223	12	139770154092560.jpe	1538343947000
145	1223	14	139770172639696_6.jpe	1538343985000
64	1228	11	140642801735952_2.jpe	1538344194000
64	1228	12	139770154092560.jpe	1538344586000
238	1608	0	139860332460048_5.jpe	1538348598000
56	413	14	139770172639696_6.jpe	1538348865000
56	413	12	139770154092560.jpe	1538348887000
150	366	11	140642801735952_2.jpe	1538353738000
150	366	12	139770154092560.jpe	1538353739000
150	366	14	139770172639696_6.jpe	1538353749000
176	1227	14	139770172639696_6.jpe	1538355584000
176	1227	11	140642801735952_2.jpe	1538355591000
176	1227	12	139770154092560.jpe	1538355604000
161	325	14	139770172639696_6.jpe	1538356767000
161	325	11	140642801735952_2.jpe	1538356798000
161	325	12	139770154092560.jpe	1538356865000
103	92	14	139770172639696_6.jpe	1538358284000
7	92	14	139770172639696_6.jpe	1538358285000
7	92	11	140642801735952_2.jpe	1538358287000
103	92	11	140642801735952_2.jpe	1538358287000
109	1035	11	140642801735952_2.jpe	1538375206000
109	1035	14	139770172639696_6.jpe	1538375262000
109	1035	12	139770154092560.jpe	1538375276000
135	1231	14	139770172639696_6.jpe	1538400202000
135	1231	11	140642801735952_2.jpe	1538400327000
135	1231	12	139770154092560.jpe	1538400448000
88	1204	14	139770172639696_6.jpe	1538421344000
88	1204	11	140642801735952_2.jpe	1538421642000
88	1204	12	139770154092560.jpe	1538421670000
5	442	6	139927694337168_10.jpe	1538425241000
122	206	6	139927694337168_10.jpe	1538427618000
122	206	7	139981599647760.jpe	1538427619000
148	106	7	139981599647760.jpe	1538434600000
148	106	6	139927694337168_10.jpe	1538434602000
176	635	6	139927694337168_10.jpe	1538437663000
176	635	6	139927694337168_10.jpe	1538437663000
176	635	6	139927694337168_10.jpe	1538437663000
176	635	6	139927694337168_10.jpe	1538437663000
158	374	6	139927694337168_10.jpe	1538441841000
49	843	14	139770172639696_6.jpe	1538442721000
49	843	11	140642801735952_2.jpe	1538442730000
49	843	12	139770154092560.jpe	1538442748000
176	391	6	139927694337168_10.jpe	1538444506000
92	1739	7	139981599647760.jpe	1538445185000
76	1211	6	139927694337168_10.jpe	1538483984000
76	1211	6	139927694337168_10.jpe	1538483984000
8	1659	6	139927694337168_10.jpe	1538485237000
32	1659	6	139927694337168_10.jpe	1538485238000
8	1659	2	139981675419856_4.jpe	1538485242000
32	1659	2	139981675419856_4.jpe	1538485248000
119	670	6	139927694337168_10.jpe	1538496764000
50	91	9	140273658295056.jpe	1538497974000
152	1759	9	140273658295056.jpe	1538502596000
0	1720	6	139927694337168_10.jpe	1538513898000
58	1760	9	140273658295056.jpe	1538514118000
175	1703	7	139981599647760.jpe	1538515455000
175	1703	6	139927694337168_10.jpe	1538515455000
5	702	0	139860332460048_5.jpe	1538517104000
269	1771	10	140477269605840.jpe	1538517308000
34	1758	9	140273658295056.jpe	1538526094000
148	106	2	139981675419856_4.jpe	1538527890000
148	106	6	139927694337168_10.jpe	1538527896000
155	1655	2	139981675419856_4.jpe	1538538174000
148	737	14	139770172639696_6.jpe	1538543343000
148	737	11	140642801735952_2.jpe	1538543433000
148	737	12	139770154092560.jpe	1538543449000
23	122	10	140477269605840.jpe	1538574345000
82	1232	14	139770172639696_6.jpe	1538575946000
82	1232	11	140642801735952_2.jpe	1538575971000
82	1232	12	139770154092560.jpe	1538576014000
82	1187	6	139927694337168_10.jpe	1538576489000
143	1187	6	139927694337168_10.jpe	1538576489000
165	1187	6	139927694337168_10.jpe	1538576490000
82	1187	2	139981675419856_4.jpe	1538576497000
143	1187	2	139981675419856_4.jpe	1538576497000
165	1187	2	139981675419856_4.jpe	1538576498000
1	1048	9	140273658295056.jpe	1538578477000
56	1598	9	140273658295056.jpe	1538579204000
8	1598	9	140273658295056.jpe	1538579206000
74	333	2	139981675419856_4.jpe	1538581389000
74	333	6	139927694337168_10.jpe	1538581390000
174	330	6	139927694337168_10.jpe	1538581837000
174	330	2	139981675419856_4.jpe	1538581970000
142	1693	7	139981599647760.jpe	1538582469000
142	1693	2	139981675419856_4.jpe	1538582502000
150	474	12	139770154092560.jpe	1538585663000
150	474	14	139770172639696_6.jpe	1538585666000
150	474	11	140642801735952_2.jpe	1538585699000
187	1229	14	139770172639696_6.jpe	1538585919000
187	1229	11	140642801735952_2.jpe	1538585920000
187	1229	12	139770154092560.jpe	1538585924000
108	1233	14	139770172639696_6.jpe	1538622065000
108	1233	11	140642801735952_2.jpe	1538622071000
83	1233	14	139770172639696_6.jpe	1538622086000
83	1233	11	140642801735952_2.jpe	1538622098000
108	1233	12	139770154092560.jpe	1538622949000
83	1233	12	139770154092560.jpe	1538622950000
82	1433	14	139770172639696_6.jpe	1538661869000
82	1433	11	140642801735952_2.jpe	1538662335000
143	870	2	139981675419856_4.jpe	1538666150000
143	870	6	139927694337168_10.jpe	1538666152000
176	1686	6	139927694337168_10.jpe	1538739635000
176	1686	2	139981675419856_4.jpe	1538739636000
50	289	5	140308658366032.jpe	1538904290000
88	1699	5	140308658366032.jpe	1538907463000
187	1701	5	140308658366032.jpe	1538907596000
187	1567	5	140308658366032.jpe	1538909522000
227	1567	5	140308658366032.jpe	1538909525000
187	1700	5	140308658366032.jpe	1538910749000
105	755	5	140308658366032.jpe	1538916397000
26	873	0	139860332460048_5.jpe	1539037049000
155	774	0	139860332460048_5.jpe	1539059852000
108	1233	2	139981675419856_4.jpe	1539134995000
83	1233	2	139981675419856_4.jpe	1539135004000
108	1233	6	139927694337168_10.jpe	1539135014000
83	1233	6	139927694337168_10.jpe	1539135024000
90	1667	2	139981675419856_4.jpe	1539163264000
90	1667	6	139927694337168_10.jpe	1539163265000
20	1709	6	139927694337168_10.jpe	1539181084000
118	1687	6	139927694337168_10.jpe	1539187182000
118	1687	2	139981675419856_4.jpe	1539187200000
77	1665	6	139927694337168_10.jpe	1539195476000
77	1665	2	139981675419856_4.jpe	1539195486000
77	1665	7	139981599647760.jpe	1539195513000
49	248	7	139981599647760.jpe	1539197310000
49	248	6	139927694337168_10.jpe	1539197311000
49	248	2	139981675419856_4.jpe	1539197313000
145	1707	6	139927694337168_10.jpe	1539201308000
145	1707	7	139981599647760.jpe	1539201318000
145	1707	7	139981599647760.jpe	1539201423000
0	1723	6	139927694337168_10.jpe	1539206481000
176	642	2	139981675419856_4.jpe	1539208893000
176	642	7	139981599647760.jpe	1539208894000
74	1685	2	139981675419856_4.jpe	1539208896000
74	1685	7	139981599647760.jpe	1539208898000
74	1685	6	139927694337168_10.jpe	1539208900000
184	1674	6	139927694337168_10.jpe	1539209352000
184	1674	2	139981675419856_4.jpe	1539209362000
184	1674	7	139981599647760.jpe	1539209367000
92	800	2	139981675419856_4.jpe	1539213268000
92	800	6	139927694337168_10.jpe	1539213285000
92	800	7	139981599647760.jpe	1539213289000
8	1670	6	139927694337168_10.jpe	1539215013000
8	1670	7	139981599647760.jpe	1539215014000
8	1670	2	139981675419856_4.jpe	1539215015000
131	67	4	139643140915856_8.jpe	1539217556000
142	534	7	139981599647760.jpe	1539218269000
142	534	6	139927694337168_10.jpe	1539218388000
153	368	6	139927694337168_10.jpe	1539220819000
153	368	7	139981599647760.jpe	1539220861000
56	1668	6	139927694337168_10.jpe	1539223442000
56	1668	2	139981675419856_4.jpe	1539223543000
56	1668	7	139981599647760.jpe	1539223592000
179	272	0	139860332460048_5.jpe	1539224435000
166	1730	6	139927694337168_10.jpe	1539225216000
166	1730	7	139981599647760.jpe	1539225221000
179	1731	6	139927694337168_10.jpe	1539226297000
48	187	6	139927694337168_10.jpe	1539227765000
48	187	7	139981599647760.jpe	1539227774000
48	187	2	139981675419856_4.jpe	1539227819000
45	1704	6	139927694337168_10.jpe	1539230503000
36	586	2	139981675419856_4.jpe	1539237094000
133	180	0	139860332460048_5.jpe	1539239590000
148	318	7	139981599647760.jpe	1539242951000
130	1653	6	139927694337168_10.jpe	1539248143000
130	1653	2	139981675419856_4.jpe	1539248152000
96	1658	2	139981675419856_4.jpe	1539248849000
96	1658	7	139981599647760.jpe	1539248859000
192	1652	6	139927694337168_10.jpe	1539254391000
57	1652	6	139927694337168_10.jpe	1539254400000
192	1652	2	139981675419856_4.jpe	1539254407000
57	1652	2	139981675419856_4.jpe	1539254414000
192	1652	7	139981599647760.jpe	1539254457000
57	1652	7	139981599647760.jpe	1539254461000
110	1684	2	139981675419856_4.jpe	1539255716000
110	1684	6	139927694337168_10.jpe	1539255719000
110	1684	7	139981599647760.jpe	1539255724000
130	1673	7	139981599647760.jpe	1539256044000
130	1673	2	139981675419856_4.jpe	1539256047000
130	1673	6	139927694337168_10.jpe	1539256054000
63	127	2	139981675419856_4.jpe	1539256597000
63	127	6	139927694337168_10.jpe	1539256602000
79	1663	2	139981675419856_4.jpe	1539260180000
79	1663	6	139927694337168_10.jpe	1539260204000
124	1660	2	139981675419856_4.jpe	1539260574000
124	1660	6	139927694337168_10.jpe	1539260578000
124	1660	7	139981599647760.jpe	1539260581000
224	1736	6	139927694337168_10.jpe	1539263209000
5	158	7	139981599647760.jpe	1539265211000
5	158	2	139981675419856_4.jpe	1539265212000
5	158	6	139927694337168_10.jpe	1539265214000
145	211	2	139981675419856_4.jpe	1539269250000
169	630	2	139981675419856_4.jpe	1539269715000
169	630	7	139981599647760.jpe	1539269754000
74	1650	6	139927694337168_10.jpe	1539270369000
74	1650	2	139981675419856_4.jpe	1539270375000
64	1677	2	139981675419856_4.jpe	1539270747000
64	1677	6	139927694337168_10.jpe	1539270766000
96	1057	7	139981599647760.jpe	1539270997000
96	1057	6	139927694337168_10.jpe	1539271006000
96	1057	2	139981675419856_4.jpe	1539271013000
166	1680	2	139981675419856_4.jpe	1539271575000
166	1680	6	139927694337168_10.jpe	1539271579000
166	1680	7	139981599647760.jpe	1539271583000
166	1678	6	139927694337168_10.jpe	1539271836000
166	1678	2	139981675419856_4.jpe	1539271851000
166	1678	7	139981599647760.jpe	1539271883000
96	1683	2	139981675419856_4.jpe	1539274910000
11	1691	2	139981675419856_4.jpe	1539277268000
11	1691	7	139981599647760.jpe	1539277390000
20	1688	2	139981675419856_4.jpe	1539277746000
20	1688	7	139981599647760.jpe	1539277755000
0	1711	6	139927694337168_10.jpe	1539278459000
0	1711	7	139981599647760.jpe	1539278460000
123	899	7	139981599647760.jpe	1539278594000
124	899	7	139981599647760.jpe	1539278860000
133	1679	7	139981599647760.jpe	1539279896000
133	1679	6	139927694337168_10.jpe	1539279896000
133	1679	2	139981675419856_4.jpe	1539279897000
86	858	6	139927694337168_10.jpe	1539280802000
0	1690	2	139981675419856_4.jpe	1539282757000
0	1690	6	139927694337168_10.jpe	1539282765000
45	1657	2	139981675419856_4.jpe	1539283630000
86	917	7	139981599647760.jpe	1539284171000
64	1671	6	139927694337168_10.jpe	1539284360000
23	1661	6	139927694337168_10.jpe	1539284365000
23	1661	2	139981675419856_4.jpe	1539284370000
4	1682	2	139981675419856_4.jpe	1539284372000
4	1682	7	139981599647760.jpe	1539284376000
4	1682	6	139927694337168_10.jpe	1539284381000
64	1671	2	139981675419856_4.jpe	1539284446000
162	663	7	139981599647760.jpe	1539284906000
162	663	2	139981675419856_4.jpe	1539284909000
165	1654	2	139981675419856_4.jpe	1539284999000
143	1654	2	139981675419856_4.jpe	1539285007000
165	1654	7	139981599647760.jpe	1539285046000
143	1654	6	139927694337168_10.jpe	1539285057000
143	1654	7	139981599647760.jpe	1539285082000
133	1649	0	139860332460048_5.jpe	1539285945000
162	663	7	139981599647760.jpe	1539286809000
162	663	2	139981675419856_4.jpe	1539286812000
96	1725	6	139927694337168_10.jpe	1539287654000
119	1717	6	139927694337168_10.jpe	1539289759000
45	1717	6	139927694337168_10.jpe	1539289764000
86	254	2	139981675419856_4.jpe	1539292638000
86	254	6	139927694337168_10.jpe	1539292646000
143	870	2	139981675419856_4.jpe	1539292724000
38	268	2	139981675419856_4.jpe	1539296539000
0	1676	2	139981675419856_4.jpe	1539297941000
0	1676	6	139927694337168_10.jpe	1539297958000
0	1676	7	139981599647760.jpe	1539297962000
83	221	6	139927694337168_10.jpe	1539299828000
83	221	7	139981599647760.jpe	1539299840000
83	221	2	139981675419856_4.jpe	1539300683000
124	1692	2	139981675419856_4.jpe	1539301608000
124	1692	6	139927694337168_10.jpe	1539301619000
124	1692	7	139981599647760.jpe	1539301623000
11	1672	7	139981599647760.jpe	1539302649000
11	1672	6	139927694337168_10.jpe	1539302650000
11	1672	2	139981675419856_4.jpe	1539302651000
113	558	6	139927694337168_10.jpe	1539305541000
166	509	6	139927694337168_10.jpe	1539307047000
58	1056	2	139981675419856_4.jpe	1539313307000
58	1056	6	139927694337168_10.jpe	1539313313000
58	1056	7	139981599647760.jpe	1539313327000
28	660	6	139927694337168_10.jpe	1539314047000
28	660	2	139981675419856_4.jpe	1539314053000
28	660	7	139981599647760.jpe	1539314060000
82	638	6	139927694337168_10.jpe	1539316036000
32	1651	2	139981675419856_4.jpe	1539318505000
36	282	6	139927694337168_10.jpe	1539332526000
36	282	7	139981599647760.jpe	1539332532000
36	282	2	139981675419856_4.jpe	1539332549000
11	1669	7	139981599647760.jpe	1539339472000
11	1669	6	139927694337168_10.jpe	1539339477000
11	1669	2	139981675419856_4.jpe	1539339480000
177	652	7	139981599647760.jpe	1539340239000
177	652	2	139981675419856_4.jpe	1539340259000
96	544	0	139860332460048_5.jpe	1539352192000
38	268	7	139981599647760.jpe	1539353583000
11	376	2	139981675419856_4.jpe	1539355013000
11	376	6	139927694337168_10.jpe	1539355015000
11	376	7	139981599647760.jpe	1539355016000
165	1712	6	139927694337168_10.jpe	1539358957000
32	698	7	139981599647760.jpe	1539359258000
79	1773	10	140477269605840.jpe	1539359684000
99	1689	2	139981675419856_4.jpe	1539373650000
99	1689	6	139927694337168_10.jpe	1539373651000
99	1689	7	139981599647760.jpe	1539373653000
20	1727	6	139927694337168_10.jpe	1539383986000
120	666	6	139927694337168_10.jpe	1539384839000
120	666	2	139981675419856_4.jpe	1539385275000
45	1662	7	139981599647760.jpe	1539385500000
120	666	7	139981599647760.jpe	1539385527000
45	1662	6	139927694337168_10.jpe	1539385557000
45	1662	2	139981675419856_4.jpe	1539385659000
142	1074	2	139981675419856_4.jpe	1539388433000
123	1666	6	139927694337168_10.jpe	1539427514000
123	1666	2	139981675419856_4.jpe	1539427525000
123	1666	7	139981599647760.jpe	1539427533000
79	548	0	139860332460048_5.jpe	1539440123000
79	548	6	139927694337168_10.jpe	1539442738000
79	548	7	139981599647760.jpe	1539442740000
79	548	2	139981675419856_4.jpe	1539442740000
3	1656	6	139927694337168_10.jpe	1539446462000
3	1656	2	139981675419856_4.jpe	1539446463000
35	865	2	139981675419856_4.jpe	1539480475000
35	865	6	139927694337168_10.jpe	1539480478000
170	1726	6	139927694337168_10.jpe	1539483215000
170	1726	7	139981599647760.jpe	1539483452000
32	1003	2	139981675419856_4.jpe	1539528760000
32	1003	6	139927694337168_10.jpe	1539528780000
133	1738	7	139981599647760.jpe	1539531645000
145	1708	6	139927694337168_10.jpe	1539531884000
119	79	2	139981675419856_4.jpe	1539538767000
119	79	7	139981599647760.jpe	1539538779000
119	79	6	139927694337168_10.jpe	1539538783000
153	1728	7	139981599647760.jpe	1539551191000
153	1728	6	139927694337168_10.jpe	1539551413000
176	641	2	139981675419856_4.jpe	1539564728000
32	232	6	139927694337168_10.jpe	1539568286000
32	232	7	139981599647760.jpe	1539568289000
44	822	0	139860332460048_5.jpe	1539572556000
195	1681	7	139981599647760.jpe	1539609859000
195	1681	6	139927694337168_10.jpe	1539609861000
195	1681	2	139981675419856_4.jpe	1539609863000
132	17	0	139860332460048_5.jpe	1539611975000
82	638	2	139981675419856_4.jpe	1539613891000
82	1042	4	139643140915856_8.jpe	1539619314000
58	1177	0	139860332460048_5.jpe	1539619490000
64	304	0	139860332460048_5.jpe	1539623978000
162	663	6	139927694337168_10.jpe	1539624299000
162	663	7	139981599647760.jpe	1539624302000
79	1675	6	139927694337168_10.jpe	1539641122000
79	1675	7	139981599647760.jpe	1539641127000
79	1675	2	139981675419856_4.jpe	1539641131000
92	579	0	139860332460048_5.jpe	1539645188000
0	294	0	139860332460048_5.jpe	1539700821000
164	664	0	139860332460048_5.jpe	1539701913000
164	664	0	139860332460048_5.jpe	1539701919000
0	880	0	139860332460048_5.jpe	1539702782000
49	747	0	139860332460048_5.jpe	1539704969000
166	1713	6	139927694337168_10.jpe	1539775968000
166	1713	7	139981599647760.jpe	1539775971000
74	1724	7	139981599647760.jpe	1539799363000
79	1724	7	139981599647760.jpe	1539799363000
74	1724	6	139927694337168_10.jpe	1539799368000
79	1724	6	139927694337168_10.jpe	1539799368000
79	1724	7	139981599647760.jpe	1539799373000
74	1724	7	139981599647760.jpe	1539799373000
45	1230	14	139770172639696_6.jpe	1539804671000
45	1230	11	140642801735952_2.jpe	1539804836000
45	1230	12	139770154092560.jpe	1539804886000
58	1014	6	139927694337168_10.jpe	1539867461000
58	1014	7	139981599647760.jpe	1539867461000
58	1014	7	139981599647760.jpe	1539867462000
58	1014	7	139981599647760.jpe	1539867463000
58	1014	6	139927694337168_10.jpe	1539867463000
58	1014	7	139981599647760.jpe	1539867465000
195	1681	2	139981675419856_4.jpe	1539872820000
195	1681	7	139981599647760.jpe	1539872823000
195	1681	6	139927694337168_10.jpe	1539872824000
168	1664	2	139981675419856_4.jpe	1539875597000
168	1664	6	139927694337168_10.jpe	1539875598000
3	611	0	139860332460048_5.jpe	1539999515000
3	145	0	139860332460048_5.jpe	1540002605000
86	585	7	139981599647760.jpe	1540074769000
86	585	6	139927694337168_10.jpe	1540074792000
86	585	7	139981599647760.jpe	1540074861000
3	1718	6	139927694337168_10.jpe	1540075686000
3	1718	7	139981599647760.jpe	1540075687000
3	1718	7	139981599647760.jpe	1540075688000
56	1722	6	139927694337168_10.jpe	1540079664000
56	1722	7	139981599647760.jpe	1540079670000
56	1722	7	139981599647760.jpe	1540079684000
79	1702	6	139927694337168_10.jpe	1540087547000
79	1702	7	139981599647760.jpe	1540087547000
79	1702	7	139981599647760.jpe	1540087548000
82	1737	7	139981599647760.jpe	1540103540000
176	511	0	139860332460048_5.jpe	1540111690000
2	491	0	139860332460048_5.jpe	1540114038000
162	491	6	139927694337168_10.jpe	1540114058000
2	491	6	139927694337168_10.jpe	1540114058000
2	491	7	139981599647760.jpe	1540114059000
162	491	7	139981599647760.jpe	1540114059000
90	615	6	139927694337168_10.jpe	1540121357000
90	615	7	139981599647760.jpe	1540121359000
90	615	7	139981599647760.jpe	1540121364000
79	1773	10	140477269605840.jpe	1540124108000
3	145	7	139981599647760.jpe	1540129425000
3	145	6	139927694337168_10.jpe	1540129426000
3	145	7	139981599647760.jpe	1540129433000
26	824	6	139927694337168_10.jpe	1540137970000
26	824	7	139981599647760.jpe	1540137977000
26	824	6	139927694337168_10.jpe	1540137995000
26	824	7	139981599647760.jpe	1540137997000
155	1735	6	139927694337168_10.jpe	1540139036000
155	1735	6	139927694337168_10.jpe	1540139037000
155	1735	7	139981599647760.jpe	1540139038000
74	1733	6	139927694337168_10.jpe	1540140200000
196	1740	7	139981599647760.jpe	1540143214000
20	1729	6	139927694337168_10.jpe	1540145446000
20	1729	7	139981599647760.jpe	1540145460000
165	1002	6	139927694337168_10.jpe	1540152630000
165	1002	7	139981599647760.jpe	1540152633000
165	1002	6	139927694337168_10.jpe	1540152633000
40	208	6	139927694337168_10.jpe	1540154335000
90	1038	6	139927694337168_10.jpe	1540159455000
90	1038	7	139981599647760.jpe	1540159457000
90	1038	6	139927694337168_10.jpe	1540159458000
90	1038	7	139981599647760.jpe	1540159459000
141	78	0	139860332460048_5.jpe	1540162162000
23	1706	6	139927694337168_10.jpe	1540163061000
23	1706	7	139981599647760.jpe	1540163082000
23	1706	6	139927694337168_10.jpe	1540163083000
23	1706	7	139981599647760.jpe	1540163094000
23	1706	6	139927694337168_10.jpe	1540163106000
23	1706	6	139927694337168_10.jpe	1540163111000
165	1772	10	140477269605840.jpe	1540164915000
64	1705	6	139927694337168_10.jpe	1540174148000
64	1705	7	139981599647760.jpe	1540174161000
64	1705	7	139981599647760.jpe	1540174202000
15	670	0	139860332460048_5.jpe	1540176522000
119	670	0	139860332460048_5.jpe	1540176613000
133	1715	6	139927694337168_10.jpe	1540177232000
265	1719	7	139981599647760.jpe	1540208298000
265	1719	6	139927694337168_10.jpe	1540208301000
265	1719	7	139981599647760.jpe	1540208303000
265	1719	6	139927694337168_10.jpe	1540208312000
265	1719	7	139981599647760.jpe	1540208314000
265	1719	7	139981599647760.jpe	1540208315000
11	1581	14	139770172639696_6.jpe	1540211022000
11	1581	11	140642801735952_2.jpe	1540212388000
150	93	0	139860332460048_5.jpe	1540220506000
79	1734	7	139981599647760.jpe	1540221316000
79	1734	7	139981599647760.jpe	1540221318000
79	1734	6	139927694337168_10.jpe	1540221320000
86	553	6	139927694337168_10.jpe	1540222335000
120	1052	7	139981599647760.jpe	1540225706000
120	1052	7	139981599647760.jpe	1540225706000
120	1052	6	139927694337168_10.jpe	1540225707000
26	1710	6	139927694337168_10.jpe	1540227089000
26	1710	7	139981599647760.jpe	1540227101000
26	1710	7	139981599647760.jpe	1540227150000
49	485	6	139927694337168_10.jpe	1540235481000
49	485	7	139981599647760.jpe	1540235496000
58	1177	4	139643140915856_8.jpe	1540236289000
35	184	4	139643140915856_8.jpe	1540237911000
79	1714	7	139981599647760.jpe	1540238028000
79	1714	6	139927694337168_10.jpe	1540238030000
79	1714	6	139927694337168_10.jpe	1540238033000
86	917	0	139860332460048_5.jpe	1540240501000
86	917	0	139860332460048_5.jpe	1540240504000
96	1698	4	139643140915856_8.jpe	1540242120000
49	1732	6	139927694337168_10.jpe	1540244956000
49	1732	7	139981599647760.jpe	1540244977000
123	899	6	139927694337168_10.jpe	1540245331000
123	899	7	139981599647760.jpe	1540245342000
86	553	6	139927694337168_10.jpe	1540246315000
123	1721	6	139927694337168_10.jpe	1540246925000
123	1721	7	139981599647760.jpe	1540246931000
1	308	6	139927694337168_10.jpe	1540247436000
145	1716	6	139927694337168_10.jpe	1540250134000
23	1697	4	139643140915856_8.jpe	1540256080000
3	973	7	139981599647760.jpe	1540256418000
3	973	7	139981599647760.jpe	1540256423000
3	973	6	139927694337168_10.jpe	1540256428000
